0 5344.01 5864.31 7976.26 2503.46 2409.16 5244.88 2835.51 6962.95 747.341 2596.02 3880.25 3991.19 4778.01 2058.85 5612.43 3492.09 2507.51 4691.41 4306.98 
5344.01 0 4367.81 5530.29 6708.24 7657.55 3621.13 2963.36 7938.77 6088.87 3674.69 3033.92 3005.34 2052.34 7325.46 6548.92 7570.38 4945.71 5561.37 5455.46 
5864.31 4367.81 0 2123.34 5392.36 7218.8 822.786 5521.85 3850.28 6365.27 3306.28 6415.56 6455.66 6025.71 7012.62 2766.92 5752.09 7215.5 2270.83 2489.64 
7976.26 5530.29 2123.34 0 7438.05 9313.65 2764.09 7353.5 4644.23 8487.88 5397.94 8090.52 8111.07 7466.76 9118.52 4158.83 7691.2 9176.15 4104.2 4411.92 
2503.46 6708.24 5392.36 7438.05 0 2006.73 5081.57 4947.12 5057.68 2259.99 3073.95 6122.36 6228.12 6780.29 1939.21 3990.32 1009.79 5010.93 3433.06 3071.33 
2409.16 7657.55 7218.8 9313.65 2006.73 0 6793.75 5241.65 7018.37 1695.95 4384.65 6242.2 6353.61 7184.92 352.281 5996.74 2435.85 4496.63 5406.03 5031.61 
5244.88 3621.13 822.786 2764.09 5081.57 6793.75 0 4713.17 4399.98 5797.75 2651.25 5593.32 5633.03 5214.44 6559.81 3138.62 5573.3 6447.13 2378.01 2474.76 
2835.51 2963.36 5521.85 7353.5 4947.12 5241.65 4713.17 0 8067.66 3552.49 2789.47 1209.67 1306.63 1943.3 4890.07 6578.83 5944.96 2016.66 5495.47 5207.8 
6962.95 7938.77 3850.28 4644.23 5057.68 7018.37 4399.98 8067.66 0 7078.54 5282.07 9204.17 9276.96 9206.28 6992.64 1490.18 4683.74 9156.19 2576 2865.81 
747.341 6088.87 6365.27 8487.88 2259.99 1695.95 5797.75 3552.49 7078.54 0 3182.06 4548.64 4660.04 5495.26 1343.7 5809.59 3168.59 2931.44 4974.25 4583.35 
2596.02 3674.69 3306.28 5397.94 3073.95 4384.65 2651.25 2789.47 5282.07 3182.06 0 3952.87 4033.68 4176.86 4103.45 3795.75 3898.15 4060.97 2717.47 2418.94 
3880.25 3033.92 6415.56 8090.52 6122.36 6242.2 5593.32 1209.67 9204.17 4548.64 3952.87 0 111.41 1240.86 5890.55 7714.07 7126.24 2252.47 6628.19 6359.07 
3991.19 3005.34 6455.66 8111.07 6228.12 6353.61 5633.03 1306.63 9276.96 4660.04 4033.68 111.41 0 1163.72 6001.96 7787.08 7231.39 2347.43 6701.22 6435.72 
4778.01 2052.34 6025.71 7466.76 6780.29 7184.92 5214.44 1943.3 9206.28 5495.26 4176.86 1240.86 1163.72 0 6833.36 7734.6 7755.7 3475.74 6664.24 6453.64 
2058.85 7325.46 7012.62 9118.52 1939.21 352.281 6559.81 4890.07 6992.64 1343.7 4103.45 5890.55 6001.96 6833.36 0 5914.05 2508.23 4164.63 5270.3 4889.5 
5612.43 6548.92 2766.92 4158.83 3990.32 5996.74 3138.62 6578.83 1490.18 5809.59 3795.75 7714.07 7787.08 7734.6 5914.05 0 3874.4 7715.33 1085.89 1388.23 
3492.09 7570.38 5752.09 7691.2 1009.79 2435.85 5573.3 5944.96 4683.74 3168.59 3898.15 7126.24 7231.39 7755.7 2508.23 3874.4 0 5996.82 3588.61 3286.61 
2507.51 4945.71 7215.5 9176.15 5010.93 4496.63 6447.13 2016.66 9156.19 2931.44 4060.97 2252.47 2347.43 3475.74 4164.63 7715.33 5996.82 0 6684.46 6334.62 
4691.41 5561.37 2270.83 4104.2 3433.06 5406.03 2378.01 5495.47 2576 4974.25 2717.47 6628.19 6701.22 6664.24 5270.3 1085.89 3588.61 6684.46 0 391.157 
4306.98 5455.46 2489.64 4411.92 3071.33 5031.61 2474.76 5207.8 2865.81 4583.35 2418.94 6359.07 6435.72 6453.64 4889.5 1388.23 3286.61 6334.62 391.157 0 
