0.00 3113.85 3258.99 6110.65 2375.25 1581.68 3905.94 2465.31 2802.44 2301.42 3615.10 2311.49 3468.50 2589.33 4573.02 4474.39 6121.32 5327.30 2417.98 4617.12 
3113.85 0.00 722.18 5492.88 1670.56 2709.77 5468.54 5499.82 811.91 5252.53 4289.46 1009.13 3903.28 1621.39 6448.60 2958.45 3478.64 5965.17 883.47 4608.44 
3258.99 722.18 0.00 4781.81 1282.55 2487.38 5042.99 5503.74 466.66 5215.04 3759.23 1550.86 3356.56 1153.09 6055.36 2236.27 2973.53 5367.91 843.66 3963.96 
6110.65 5492.88 4781.81 0.00 4276.38 4532.34 3873.93 6855.44 4772.29 6446.92 2785.35 6019.05 2735.32 4160.59 4644.06 2614.42 4243.34 2313.61 5011.95 1607.94 
2375.25 1670.56 1282.55 4276.38 0.00 1240.80 3805.35 4360.71 889.74 4040.56 2638.72 1797.53 2269.09 215.84 4799.86 2163.64 3792.34 4363.81 857.95 3115.95 
1581.68 2709.77 2487.38 4532.34 1240.80 0.00 2910.71 3152.78 2045.65 2816.01 2171.68 2403.41 1949.74 1432.11 3814.11 3026.58 4958.17 3954.24 1827.25 3069.31 
3905.94 5468.54 5042.99 3873.93 3805.35 2910.71 0.00 3368.81 4693.32 2989.78 1521.77 5309.10 1908.57 3895.62 1044.98 4252.77 6581.44 1908.87 4606.80 2421.08 
2465.31 5499.82 5503.74 6855.44 4360.71 3152.78 3368.81 0.00 5037.67 408.53 4070.99 4769.39 4184.83 4565.79 3443.64 6074.36 8109.98 5251.93 4707.22 5249.00 
2802.44 811.91 466.66 4772.29 889.74 2045.65 4693.32 5037.67 0.00 4751.04 3480.74 1312.95 3092.27 813.77 5689.59 2335.54 3375.38 5154.23 410.99 3811.71 
2301.42 5252.53 5215.04 6446.92 4040.56 2816.01 2989.78 408.53 4751.04 0.00 3662.48 4571.34 3778.77 4241.36 3132.67 5697.51 7763.46 4861.20 4436.68 4840.47 
3615.10 4289.46 3759.23 2785.35 2638.72 2171.68 1521.77 4070.99 3480.74 3662.48 0.00 4355.59 416.24 2668.14 2553.77 2731.68 5060.83 1791.18 3493.83 1178.03 
2311.49 1009.13 1550.86 6019.05 1797.53 2403.41 5309.10 4769.39 1312.95 4571.34 4355.59 0.00 4018.25 1871.28 6213.87 3646.14 4469.52 6122.60 1008.19 4913.41 
3468.50 3903.28 3356.56 2735.32 2269.09 1949.74 1908.57 4184.83 3092.27 3778.77 416.24 4018.25 0.00 2283.21 2949.12 2351.75 4677.05 2104.36 3126.97 1160.68 
2589.33 1621.39 1153.09 4160.59 215.84 1432.11 3895.62 4565.79 813.77 4241.36 2668.14 1871.28 2283.21 0.00 4903.45 1973.77 3578.10 4359.25 884.14 3063.01 
4573.02 6448.60 6055.36 4644.06 4799.86 3814.11 1044.98 3443.64 5689.59 3132.67 2553.77 6213.87 2949.12 4903.45 0.00 5284.07 7613.34 2423.00 5575.52 3334.46 
4474.39 2958.45 2236.27 2614.42 2163.64 3026.58 4252.77 6074.36 2335.54 5697.51 2731.68 3646.14 2351.75 1973.77 5284.07 0.00 2329.31 3793.15 2663.53 2274.11 
6121.32 3478.64 2973.53 4243.34 3792.34 4958.17 6581.44 8109.98 3375.38 7763.46 5060.83 4469.52 4677.05 3578.10 7613.34 2329.31 0.00 5985.71 3785.65 4500.68 
5327.30 5965.17 5367.91 2313.61 4363.81 3954.24 1908.87 5251.93 5154.23 4861.20 1791.18 6122.60 2104.36 4359.25 2423.00 3793.15 5985.71 0.00 5220.93 1519.52 
2417.98 883.47 843.66 5011.95 857.95 1827.25 4606.80 4707.22 410.99 4436.68 3493.83 1008.19 3126.97 884.14 5575.52 2663.53 3785.65 5220.93 0.00 3946.83 
4617.12 4608.44 3963.96 1607.94 3115.95 3069.31 2421.08 5249.00 3811.71 4840.47 1178.03 4913.41 1160.68 3063.01 3334.46 2274.11 4500.68 1519.52 3946.83 0.00 
